                                                  random  random    bkwd  record  stride                                   
              KB  reclen   write rewrite    read    reread    read   write    read rewrite    read   fwrite frewrite   fread  freread
              64       4 1002351 2358717  4988978 10402178 5860307 2662899 5389653 4274062 8182586  1232453  3406295 5735102 12310336
              64       8 1183548 2892445  6421025 2096219112902017 4018152 6421025 456478612902017  1363961  4018152 7940539 22737791
              64      16 1304314 3958892  9006179 1597288512902017 4897948 7940539 538965312902017  1609270  4274062 9006179 20962191
              64      32 1304314 4018152  9318832 1597288515972885 4897948 9318832 498897810821524  2006158  5283570 9318832 20962191
              64      64  929467 3738358 10821524 2096219115972885 4564786 9006179 464375410402178  1363961  3958892 9318832 15972885
             128       4 1294270 3982553  7917784 12842051 8414153 4135958 6812590 4717434 7582312  1377278  3657016 7176872 11470204
             128       8 1220700 4104338  8548124 1863766411720614 4759253 8036304 512253514200794  1436229  4012317 8548124 15881078
             128      16 1487977 4267461  9795896 1588107812842051 5325799 8036304 5379161 9129573  1114289  1316487 7082197 15881078
             128      32 1359835 4135958  9795896 1420079411720614 4012317 6406138 4934216 8036304  1102844  1521718 5603747 14200794
             128      64 1266785 3536566  9129573 1284205111720614 4889281 9129573 4934216128000000  1772988  5122535 6330599 14200794
             128     128 1093856 2784517  8548124 1420079412842051 4557257 8548124 4557257 6727225  1391557  4267461 8548124 14200794
             256       4  907792 3770085  8271916 10651598 8271916 4264168 7518900 4734192 7571923  1319408  3605511 7073132  9868433
             256       8 1495866 3605511 10245071 1416439512228612 4998665 9114515 5569035 9868433   921029  2699161 3009318  8815202
             256      16 1019886 3705040  9518507 1345445011569783 5117791 7791708 581011214953435   760006  3705040 6554972 10245071
             256      32 1376935 3717869  8888172 1281227712812277 5217259 9434868 584172213454450  1579483  4009406 9434868 12812277
             256      64 1549845 4197489 10245071 1345445012812277 5117791 9868433 597167812812277  1842366  4422226 9518507 12661199
             256     128 1534342 4132864  9868433 1345445012812277 5569035 9778562 545584711695808  2205688  4264168 8271916 12812277
             256     256 1487577 4264168  4819184 1120749410245071 3605511 7314033 3114048 8271916  1479379  4197489 8024634 11695808
             512       4 1379416 3934520  6156675  9304292 7988981 3877684 6571132 4784885 7309196  1323315  3628697 5344582  8140399
             512       8 1533034 4296637  1854787  4030519 7513788 3481620 4742616 4871723 8394979  1319250  3580298 6736026 10235583
             512      16  525596 3409755  5453155  7513788 7988981 4447925 6821616 5509113 7871843  1100818  1523247 5684095  8109658
             512      32  617482 3481620  6736026  9304292 9468384 4375425 7540170 533131411620224  1380303  3762197 6909408  9468384
             512      64 1388334 3877684  7309196 1091169410044089 4305250 6018636 610417511683444  1619757  3634839 6931711  9814569
             512     128 1395552 3762197  3934520  5760329 7435738 3963567 7211022 562454510434519  1533034  4030519 6395018  9145790
             512     256 1312798 3742527  6414119  8992598 9145790 4660280 7410080 4690818 8265729  1484293  3604335 5115422  8808176
             512     512  453552 3459188  4061007  6395018 6174377 3366987 4827914 3762197 7410080  1296159   510964 5384786 11374040
            1024       4  957884 3529706  3261656  6280976 5782087 2869422 4232305 3567824 4361233  1194770  2960401 4762630  9142007
            1024       8  496596 2760606  4674510  6290174 6609617 4014717 575111722748081 6830356   804330  3591693 5958564  7755368
            1024      16 1374474 4079544  5472650  7472033 8326715 3880507 5885083 9064828 6244448  1532928  3709575 5758828  7420395
            1024      32 1523683 4195100  5660167  7941793 4995276 3304314 6280976 6093831 8262639  1486247  3567824 6317933  9064828
            1024      64 2598591 3436508  6327241  8822754 9240349 4594502 7208671 620834313472053  2106609  3469823 6244448  7577494
            1024     128 1412443 3951918  2653170  3037876 5758828 1131503 5885083 605944210454984  1424152  3324778 5593820  7524394
            1024     256 1383774 1678504  4428688  5821271 1450607  648022 5219904 9300377 8988941  1673273  3804877 4783849  7160597
            1024     512 1438461 4014717  5507740  6441107 7537599 4594502 5417427 4574926 5507740  1861867  4321737 5917516  6441107
            1024    1024 1594978 3655895  5479632  6402699 3999762  966941 4531485 3556008 4228138  1444266  4079544 4609294  6529233
            2048       4  685833 3276342  3561619  1010841 3764533 3043048 5626082 4807425 5092426  1677457  3131805 3946119  4994712
            2048       8 1125986 3250308  1055040  4453499 2985927 8678404 4180412 5336007 5884299  1433135  3131805 4623699  5319484
            2048      16 1512364 1917907  6185123  4071433 3121562 2083516 5916724 6207471 6284678  1402940  2920945 2267786  7470770
            2048      32 1581705 3892474  5172149  6020395 7470770 4423683 4603874 5765808 7589584  1439137  3175804 4764758  5549749
            2048      64 1289623 1455722  5119743  6479029 6583305 4643695 2343259 5277002 5147354  1105837  3292669 4653758  5868220
            2048     128 1882186 3696494  4490751  5836323 6780783 4764758 6024617 632167912257227  1539744  3494960 2663706  6378005
            2048     256  967901 4223576  4957240  7368238 6649556 3261415 5159722 5403134 6185123  1565847  3696494 5095447  6440169
            2048     512 1099890 3118163  7698414  4441984 8159088 2955111 5095447 5376082 8977721  1798259  1739978 1448358  5640860
            2048    1024 1521471  202131  1810768  5200329 5970183 4772701 6167360 4697018 6738230  2048243  5507054 4414590  5489457
            2048    2048  169240 3407614  1555075  1907261 3864455 1908956 4403275 3799501 4376355  1469167  3368858 3819776  3555722
            4096       4 1099877 2701744  4394046  3956848 4858827 2288267 5704175 4752639 2367414  1527804  2584291 3634562  4413235
            4096       8 1532985 3558525  4408705  4830139 6140479 4231697 5319164 5587302 4696769  1610742  2642729 4055868  4394046
            4096      16 1223828 2801763  4432592  5424983 7035723 4380601 4188367 6105563 5603704  1516476  2784507 4571782  8497289
            4096      32 1541651 2369047  4491697  5025108 6339889 4241099 4701910 8032459 5596402  1028130  2741407 4032070  5271829
            4096      64 1527804 3305851  4602401  4842392 6522830 4612286 4565707 6490793 2948925  1521041  2279462 4321103  5238075
            4096     128 1346405 3143729  5719367  5258919 5751920 4752639 5030994 7004170 5057654  1183854  2415003 4887857  5218980
            4096     256 1377827 3192212  4408705  5159420 6309619 2664865 4530788 763955210638969  1304390  2813233 4100397  4768469
            4096     512 1552658 2950952  4222337  4275933 5657217 4510565 412006410136778 3105653  1891055  2868184 4280194  4982841
            4096    1024 1466509 1458788  5030994  475790412487133 4157956 2561557 5440445 5894001  1685655  2834585 3867766  5369035
            4096    2048 1507031 2511380  7670249  4432592 4628439 4339659 2684016 3067940 4263200  1366648  3404782 3549702  4329816
            4096    4096 1456068 1879058  3540193  3501232 3217321 3650781 2927818 3761077 3482778  1426211  3052133 3501232  4841028
            8192       4 1236148 2966955  3840876  4459520 4318282 2651049 3893540 4491583 3531027  1243485  2827774 3771731  4248864
            8192       8 1005764 3280853  4063449  5041185 3052352 5149219 4401818 4110603 4798976  1321080  3353214 3478478  4778952
            8192      16 1510331 3740525  4381051  4188268 5295233 4371576 3866376 6114043 5227560  1318343  2202715 4406899  3397982
            8192      32 1255663 3402019  4578974  5288712 8428103 4296145 3622990 6370221 5044886  1226178  2177036 3234221  5315713
            8192      64 1263374 3882541  4387765  5744041 5953031 4445097 3323375 6071906 5447177  1012223  3481651 4602281  5584401
            8192     128 1601195 3523423  5550123  5347148 4866952 4253598 4617744 5944791 4763052  1348508  2402307 4992112  5129233
            8192     256 1221384 3710232  4411425  3737270 5765244 5539386 3259688 7846828 4610309  1318748  3801358 4041463  3647218
            8192     512 1181932 3469697  5494212  5291970 5450634 3407755 4902367 584269210038471  1549145  2555994 4760413  7217210
            8192    1024 1142855 3887813  4349991  5078440 5168583 3785860 4284360 5716328 8781355  1500044  2778833 4154339  4917099
            8192    2048 1092422 3450879  3782110  4392814 4357162 4266803 3443616 4415961 2761857  1218136  2850293 4000060  4318825
            8192    4096 1037625 3050997  3547798  3716653 3611945 3682003 2969006 3221485 3514413  1558631  4077917 3018564  3665505
            8192    8192  970153 3331431  2889605  4466476 3616888 2857404 3387931 2644316 3708229  1294161  3147128 3660429  3858561
           16384       4 1207006 3609632  4121650  4133053 4380997 2922019 4249075 4253283 3980552  1199254  2999566 3891513  4302549
           16384       8 1285321 3823525  3819062  5565318 4562499 2914212 5266745 5492370 4585637  1189395  3132610 3915906  5580232
           16384      16 1351128 3568766  4864473  4254600 4972535 3587584 4921609 4837421 5531274  1377480  3285999 4768276  5822300
           16384      32 1317353 4044509  4476603  5269977 4749163 3852246 5904340 6279877 5116937  1292939  3407553 5085131  5400009
           16384      64 1360894 3859602  5086636  5444935 6333122 3932713 5063026 7515413 4689211  1296011  3337548 5153778  5398313
           16384     128 1534368 3233582  3732967  5166953 5345404 3887110 5058554 8063011 4202048  1401757  2889581 4798911  4120908
           16384     256 1524497 3808480  3982628  5241038 5730536 4072553 3615899 6253589 5246239  1343179  3000613 4662486  4942494
           16384     512 1351154 3857652  3861554  5312346 5347483 3882498 5039634 6079322 5191545  1407182  3237238 5036310  5509102
           16384    1024 1492059 3421125  4834699  4312539 3763016 4206420 4866196 5115413 4823162  1241683  2692895 3450152  4955681
           16384    2048  741088 3234039  4161334  4017788 4449646 4612415 4111293 4886264 3747420  1233370  2939895 4048560  3858519
           16384    4096 1341632 3086739  3907445  2506381 4007011 3234039 3987481 3932713 3505415  1402358  3141776 3003499  3169745
           16384    8192  771160 3390740  3492587  2970265 4074726 3416193 4051424 3997920 4003043  1773368  3774176 3087293  3871562
           16384   16384  719012 3023985  3409751  3695031 3575637 2558450 3666249 3317248 3317889  1361811  3259812 3111336  2913841
           32768      64  765984 3902874  4769071  4751101 5386002 4147371 4136885 7171798 5082650  1297845  3746583 4481392  4636659
           32768     128 1076721 4147872  4970882  4653142 5432196 3871868 4967827 6328399 4890055  1281257  2777172 5232021  4329903
           32768     256 1020395 4000923  4776696  4017178 4686461 2937809 4250627 4962446 4710716  1388246  3115412 5195628  4578580
           32768     512 1333442 3775919  5339548  4556721 5669267 3779969 4656610 5961142 4715403  1406358  3366390 5127208  5410810
           32768    1024 1271066 3730414  4160050  4488710 5272566 3418981 5145636 5720710 4862547  1308932  2801400 5041262  4673235
           32768    2048 1376815 3670735  4233084  4277216 4272163 3708872 3924382 3737719 5277424  1298102  2067627 4005821  4110900
           32768    4096 1146014 2835558  3428276  4183222 3363259 3833422 3625610 3348102 3157135  1243096  2090332 4058459  3300583
           32768    8192 1238157 3262118  3616737  3315232 3388216 3481511 3443825 3591409 2767609  1370527  2955561 3567914  3221441
           32768   16384 1183596 3003223  3324615  3006508 3550127 3339884 3560612 3270891 3732947  1760665  3772499 1171539  3532607
           65536      64  453960 4201817  5039211  5358681 5124800 4358312 4864940 6325895 4309930  1312318  3315424 5021536  5679083
           65536     128 1446833 3287981  5148991  5187177 4804398 4245100 5246181 5613899 5004713  1380728  3554433 4963325  5225735
           65536     256 1389536 4190032  5137635  5457737 4779504 4435030 5078312 6351034 5043186  1360803  3182127 5036994  5551092
           65536     512 1340587 3766234  5043649  5387670 5161948 4398412 4839160 6423760 5086958  1407437  3309556 4943864  5538899
           65536    1024 1412993 3922187  4781915  4885258 4967092 4419983 4909866 6002643 4589727  1199764  2917101 4703607  5403663
           65536    2048 1339627 3713923  4266448  4338706 4360663 4022104 4237182 4710781 4053660  1304124  2801537 3990747  4634142
           65536    4096 1350500 3387039  3597510  3669647 3628760 3603027 3586901 3781675 3642754  1278479  2550625 3883399  3804496
           65536    8192 1240956 3523452  3680752  3764068 3426729 3686330 3657732 3649186 3600856  1300035  2535240 3587275  3705512
           65536   16384 1316302 3423315  3472135  3278139 3636826 3501593 3567766 3623785 3490965  1526007  3012862 3562541  3658560
          131072      64 1322158 3137485  5518594  5757642 5516490 4222822 5617961 6035184 5294982  1312596  2933629 4905389  5797350
          131072     128 1323654 3288469  5142527  5661352 4821666 4284964 5271323 5453612 5327875  1300216  2727656 3358316  4542129
          131072     256 1231833 3035064  5307660  5571615 5126798 4293900 5468204 5917728 5242469  1251080  2841661 5241020  5465432
          131072     512 1261324 3101920  5247273  5160146 5341853 4255181 5625895 6185245 4670314  1246988  2780844 5562820  5688121
          131072    1024 1218549 3244989  5078303  5081683 4820989 4411712 5060306 5888507 4768716  1112051  2467288 5193047  5141518
          131072    2048 1237718 2917253  4490448  4333091 4210339 3933970 3613871 4817230 3499738  1010328  2312903 4514120  4641020
          131072    4096 1185785 3321811  3306487  3733719 3758556 3703535 3928067 3534752 3905491  1116029  1961278 3667977  3397858
          131072    8192 1112146 2500130  3744272  3816561 3710134 3398383 3666265 3200854 3607728  1158605  2305860 3683757  3820114
          131072   16384 1149905 2806683  3513606  3546495 3408349 3724688 3647874 3724158 3520041  1257729  2377900 3619867  3759841
          262144      64 1313569 3503528  5665663  6136016 5409816 3884530 5995554 6082486 5719777  1337081  3125825 5798231  5655260
          262144     128 1402454 3500015  5790932  5669958 5660734 3680918 5826220 6372436 5291995  1337654  3048011 5661754  5910659
          262144     256 1328415 3398601  5558484  5874658 5859005 3595786 5487274 6164916 5621690  1327600  2952336 5199600  5903202
          262144     512 1314875 3479194  5683587  5635925 5655493 3530981 4601279 4897693 4574764  1080693  2854511 5559299  5876636
          262144    1024 1329809 3547809  5249598  5440465 5352718 3236153 5330505 5972204 4907223  1203908  2800149 5276883  5680739
          262144    2048 1265022 3390239  4569440  4739462 4259100 3193017 4543609 4748898 4749596  1207497  2426429 4553167  4995309
          262144    4096 1273662 3184140  3974280  4115034 3918628 3203753 3820895 3650512 3964549  1149990  2292049 3747370  4229072
          262144    8192 1215069 3009723  3572129  3869614 3771795 2787251 3745609 3645344 3688586  1125226  2183204 3703283  3802435
          262144   16384 1207780 2624541  3545418  3826027 3586836 2888800 3495164 3724383 3534613  1165022  2176932 3661952  3777666
          524288      64   69726   81439  6047838  6182209 5677553  279086  866203 6273498 6021936    60805    70023 6086826  6535379
          524288     128   70731   70119  5956865  6272586 5830156  183949 6131017 6253144 6045062    58647    75993 5931062  6320761
          524288     256   67546   65299  5841245  6106247 5933735  149203 1753923 1438770 4074386    66867    44537 1971348  4883768
          524288     512   48053   64827  5817863  5531454 5384222  183156 6214953 6310187 6067730    68637    66079 5912261  6181984
          524288    1024   67389   70516  5420013  5905276 5728789  145637 5898306 6068567 5861517    65262    64109 5625354  5784288
          524288    2048   63906   69982  4826146  4893342 4634139  323789 4672253 5007718 4529410    66658    71957 4565492  4749409
          524288    4096   66154   67130  4089640  4258629 4028800  269583 4146504 4073435 4130080    74441    67085 4072108  4302060
          524288    8192   68639   71259  3767735  3729327 3839473  267427 3783722 3724407 3838374    77740    69455 3832962  3818698
          524288   16384   68353   61444  3747510  3756748 3707315  414082 3817339 3795753 3706372    68015    67152 3801474  3861534

