 	      KB  reclen   write rewrite    read    reread    read   write    read rewrite    read   fwrite frewrite   fread  freread
              64       4  413101 2467108  4564786 10402178 5735102 2801873 4018152 3022727 7940539  1183548  3363612 6271021 12310336
              64       8 1232453 4018152  9318832 2096219112902017 4897948 7940539 489794812902017  1392258  4018152 9318832 20962191
              64      16 1304314 3958892  9318832 1597288515972885 4897948 9006179 538965310402178   866463  4018152 9318832 15972885
              64      32 1163036 3363612  9318832 15972885 9006179 4564786 7100397 456478664000000  1879725  3958892 9006179 22737791
              64      64 1143223 3738358 10821524 2096219112902017 4564786 9318832 4274062 7100397  1429325  354109810821524 22737791
             128       4 1133103 3199360  6727225 12842051 7082197 4135958 5784891 3759450 6406138  1206978  2985839 7082197 11720614
             128       8 1278855 3657016  9795896 1801235911720614 3895854 7917784 512253514200794  1074159  3277486 4267461 18637664
             128      16 1421023 4267461  9129573 1420079411720614 401231710567140 611430614200794  1487977  3277486 8548124 15881078
             128      32 1349580 4012317  9795896 1636517312842051 4012317 9129573 554586011470204  1598754  3759450 7082197 14200794
             128      64 1349580 2066432  5122535  9129573 8548124 2727923 6727225 2969325 8036304  1291158  5847904 9129573 14200794
             128     128 1243315 3560017  6727225  997795612542043 356001710779307 471743412842051  1504659  3560017 9129573 14200794
             256       4 1099237 3159869  6398720  9192546 7735574 4264168 6249745 4755158 7791708  1312954  3009318 5569035  7965107
             256       8 1445521 4404088  8271916 1169580811091721 5022044 7965107 5569035 9434868  1471270  4054829 7965107 11695808
             256      16 1463250 4652146  8534922 1222861211695808 5217259 7965107 593865013625180  1532153  4132864 8271916 11695808
             256      32 1552085 3410808  7518900 1065159811091721 5347168 9192546 581011212228612  1588832  3285566 6554972 11091721
             256      64 1099237 3770085  7735574  9868433 8815202 4929815 8271916 556903512090911  1802167  4332998 7120034 10758322
             256     128 1552085 4496299  8271916 1156978311569783 5569035 8534922 545584710651598  2223962  6398720 8024634 11695808
             256     256 1254656 3454704  6249745  8888172 7735574 4197489 7314033 4404088 7965107  1532153  3879045 7314033 10651598
             512       4 1153441 3366987  4973263  6156675 539832325624554 3849877 4271001 5566231   930933  2535981 5019764  6999490
             512       8 1783912 3122224  6174377 10485468 9510316 3970896 7309196 5566231 8992598  1248678  3046915 3415178  8140399
             512      16 1261144 3913012  6246213  7988981 7620440 4123387 6821616 5331314 7647578  1347393  3659616 5227492  9304292
             512      32 1418599 4061007  6395018  7758090 7988981 4494470 7334159 543934312797441  3220553  3487274 7620440  9510316
             512      64 1426135 4131319  8394979  852833610641343 5331314 8018812 419589613438092  1398278  2906696 2584820  4411377
             512     128 1270846 3304808  6632013 10044089 9859630 4827914 7513788 588665011683444  1778004  4061007 7211022 10434519
             512     256 1514652 3934520  6736026  9510316 9468384 7540170 2460437 2815243 3122224  2014892  2891043 4447925  7758090
             512     512 1347393 3905895  6395018  914579010434519512000000 5624545 4296637 6821616  1551867  2962840 4411377  8808176
            1024       4 1360111 3160839  5169641  6918376 6025439 2829721 2541692 2744728 4014717  1012771  2619192 3631168  5417427
            1024       8 1428415 3696803  2236023  2867506 6317933 3905205 4762630 5593820 6479979  1910737  3220084 4736370  7113161
            1024      16 1281389 2606476  4876180  7101400 6776473 3348104 6609617 806103815080341  1468964  3908759 5958564  7590887
            1024      32 1347311 4018473  1363133  2546213 7066349 3835457 5363307 1815435 4694950  1319577  3390391 5564829  7755368
            1024      64  763576 1092921  6280976  948523210454984 4512441 7054742 7113161 8680108  1081363  3229770 6280976  7644933
            1024     128 1035479 3335105  5564829  6172653 6963241 3521025 6609617 609383112456195  1532928  3151562 5917516  7369466
            1024     256 1477555 3778101  5096034  6569179 5885083 3541348 6059442 5120336 5660167   789544  2460163 4287225  8061038
            1024     512 1512948 4195100  2035716  3345496 7160597 4232305 4720752 1012055 7113161  2260740  4526709 5623115 10429596
            1024    1024 1400926 4048778  5251818  6830356 4715569 3984917 4741598 2844715 4876180  1302766  2900425 4926518  5720477
            2048       4 1203273 3391470  4162181  4971585 6479029 3698085 5131978 4785996 5704543  1342847  3219850 4839929  6802261
            2048       8 1368956 4138120  4540600  7059413 7503399 4088876 5640860 5626082 7135648  1463909  3580921 5461535  6711905
            2048      16 1607456 4038890  2972495  2839830 570454318441025 5403134 6007763 7088541  1408461  2959183 4330028  4785996
            2048      32 1929972 2917969  4934459  6583305 7817519 4559883 5009275 6024617 6939647   954245  2705656 5689430  6185123
            2048      64  992734 5416763  4676561  5611381 7361923 4385291 2626244 6114678 5416763   762749  2913021 4096676  5389574
            2048     128 1915768 3307884  5184636  6261772 7882079 4807425 5251194 606288813384011  1514764  3074635 5156624  5596757
            2048     256  968774 3165272  4864597  5336007 6280083 4674016 2293214 5836323 8713618  1544450  3070239 4267642  5689430
            2048     512 1486197 5640860  4086930  4248644 5521212 3946119 4432815 4900677 3567536  1487227  3065856 7582884  5868220
            2048    1024 1487227 3604966  3548378  4276140 5567735 3436240 4432815 4164199 5596757  2429413  4056054 8423109  4221501
            2048    2048 2155672 2879817  3967993  4432815 4785996 4569586 4046500 3150182 4014352  2238241  2734075 3580921  2837016
            4096       4 1279234 2707279  3680502  4222337 9920205 3767675 4357270 4740836 4432592   952806  2382847 5447345  3901141
            4096       8 1489910 3217923  3754501  2308872 1463386 3919833 4535572 5746149 5075585  1166967  3122019 4344048  5198450
            4096      16 1572412 3820460  4853336  5490871 5769304 4011358 4846491 2844440 5044289  1465508  2579247 4059701  5013377
            4096      32 1559848  428449  3999219  5250883 7314299 4536770 4043458 6321227 5535098  1457180  2687795 4145915  5057654
            4096      64 1192482 2840678  5198450  5794602 6532752 4591331 4812550 6439700 5953231  1272130  2642729 4019805  5784846
            4096     128 1414935 3103408  4438318  5101205 6049663 4791076 5063617 6532752 2360908   937315  2564999 3996428  4971306
            4096     256 1375511 3324403  3831537  4746074 5319164 4325455 4103335 579264811531617  1547484  1439114 5634950  5689064
            4096     512 1671875 3900255  4623457  5519094 6330545 4511750 4452120 5689064 4404184  1208929  2818772 3853020  5185897
            4096    1024 1559282 3298235  4311344  5151685 2602298 4404184 4274869 5278308 4149921  1662331  2581185 4214051  5007531
            4096    2048 1023964 2834585  3676563  6178018 8638284 4263200 3849566 4231697 4008550  2238184  3518442 2870580  3713116
            4096    4096  961014 3673419  6140479  3653887 3608605 5057654 3506950 2657856 2319470  1399376  2587795 2445600  3589754
            8192       4 1495474 2311482  3175340  4586309 5838720 3518732 4350542 5244315 2640050  1435435  3187417 2804463  4104220
            8192       8 1417784 3925568  4439927  3518732 5221205 4295608 4678100 5626466 4385525  1292700  2931016 4853203  3972772
            8192      16 1460512 3319523  4533063  5708730 5302587 3180042 4447398 6054786 4732221  1104324  3572513 2992016  5278962
            8192      32 1216885 3639492  4352746  3688327 5954062 5016894 4937591 5962328 6077276  1453223  3229054 5010310  4683839
            8192      64 1289692 4253071  5502130  5669170 4378260 4540851 4746603 6601541 5839713  1396010  3639492 4813093  5450634
            8192     128 1582682 3740525  4555903  5642173 5642173 3835303 3990304 6564962 5607184  1438199  3131353 4253071  5053790
            8192     256 1572614 3706629  5326425  5159270 5769116 4678100 4615263 4563770 5450634  1468126  1959292 4768340  4149824
            8192     512 1383308 2025712  4110112  5214865 5838720 3006152 4102260 4646469 9172856  1241553  3578839 4306915  5181053
            8192    1024 1306960 3287445  4179607  4997921 5028642 4574098 2764746 5509188 5618186  1266354  3061326 4350542  4958254
            8192    2048 1185030 3431922  2886449  4007992 4976927 3812324 2572066 4476952 3665114  1411668  3338228 3497599  3976911
            8192    4096 1164981 2137756  3602478  3777121 2968237 3313760 3707029 2919312 3723903  1854595  3593060 2644316  3872913
            8192    8192 1236326 3177689  3930957  3990304 4124914 3449147 3475663 3661989 3490138  1421950  2285802 3588557  3520174
           16384       4 1174394 3685124  3827998  5354150 4222704 3154323 3854191 3879649 4589312  1360679  3268184 4480106  4751790
           16384       8 1361811 3726085  4530912  4721753 6238827 3986324 4372634 5677040 2562361  1351367  3636758 4762988  5357489
           16384      16 1298779 3729523  5089650  4857253 5603438 4123876 5352482 7543462 5494566  1343179  3517436 5217956  5758869
           16384      32 1347921 4254336  5031885  5826743 5728625 4586862 5887143 5785536 5838624  1437321  3325918 5150687  5857536
           16384      64 1484067 3177073  5454010  5914504 5483167 4936458 5227880 6633278 5820327  1327276  3792506 5669079  5836640
           16384     128 1421856 3989333  6099827  4494757 7004468 4837081 5402132 8257760 5688789  1488923  3410598 4362087  6910782
           16384     256 1398789 4317416  4828584  5805576 7163647 4455994 5463116 7797684 5675165  1441995  3604898 5176684  6519994
           16384     512 1490408 4033589  5387732  5992904 5968441 4724349 4984437 4898106 5746830  1360571  3012320 6323215  6345988
           16384    1024 1313350 3642541  4235718  5622234 5677040 4954252 5947263 5891685 7304517  1434291  2947840 5706741  5789435
           16384    2048 1421621 3474048  4143770  4761338 4701080 4375975 4392478 4729552 5895729  1345915  2925751 3916798  4769600
           16384    4096 1435159 4081745  4218557  3700204 3811014 3770656 3439791 3687694 3721041  1454663  3061846 3237391  4208481
           16384    8192  823433 3767968  3824589  3710193 3765697 3344370 4291264 4585331 3493475  1865004  3668598 3164199  3216329
           16384   16384  815208 3714404  4090979  4332113 3905446 3706790 3884254 3640033 3458835  1263810  2402627 3941284  3734793
           32768      64 1111194 3887969  6034692  6492522 5991547 4646063 6254672 5429621 4709425  1469215  3369774 7953272  4650622
           32768     128 1101964 4436404  5175671  6324904 6121237 4235823 5942585 6169875 6122600  1476967  3611605 5416141  6588066
           32768     256  997446 4342352  6036813  6236791 5579508 5005095 6023584 6677691 6046906  1394274  3547470 5461337  6167383
           32768     512 1100631 4297948  5777220  6450471 6905853 4906115 6016991 6144498 6203852  1352708  3635296 5488599  6217886
           32768    1024 1104825 4275619  6235659  5184848 6182643 4756528 5260457 5981638 5769944  1442704  3276818 6121237  5788169
           32768    2048 1427732 4116071  4655821  5061498 4691741 4203693 4958865 5205467 5346403  1322255  2765270 4583619  4538514
           32768    4096 1052584 3359395  4019175  3964569 4327585 3889399 3873286 3800035 4046868  1110251  2796384 4123852  4160554
           32768    8192  956590 3634047  3974773  4235171 3668187 3183240 4023647 3537882 3820847  1444554  2906005 3898998  3630782
           32768   16384  966037 3464573  3631646  3842854 3733454 3874706 3848234 3827124 3676430  1930815  4114962 3542897  3598085
           65536      64  984721 4175584  5821365  6180252 5367890 4013472 5999892 6037317 5454488  1445951  3759332 5841033  6423911
           65536     128 1446811 4418846  5992175  6518358 5807344 4317308 5897806 6416263 5499339  1429141  3807763 5703830  6311805
           65536     256 1470636 4505987  6005791  6041962 6232097 4911971 5670180 6111819 5553896  1424475  3387206 5304802  5333726
           65536     512 1394145 3855943  5212061  5714146 5228618 3998293 5294074 4667506 4376632  1163963  3548239 5746759  6207888
           65536    1024 1414972 4416219  3666759  5392532 4829807 2604347 6152999 5708213 5768467  1401095  3308043 5531877  6173867
           65536    2048 1359638 3670480  4834139  5067732 4394263 4146046 4700952 4356861 4508796  1157674  2877916 1984265  4648248
           65536    4096 1108527 3659583  4131402  3911193 3858000 3841286 4015465 3867989 3695101  1172023  2754983 4063547  4006861
           65536    8192 1100317 3662655  3882247  4368494 3313586 3478022 3825782 3767731 3833412  1335669  2753382 3871912  3774250
           65536   16384 1163431 3786259  3746216  3442738 3888233 3336512 3958677 3800078 3846662  1541661  3203899 3842199  3756096
          131072      64 1264880 3310230  6149613  5958327 6137187 4358443 6491941 6229329 5680011  1382613  2996274 6179683  6005581
          131072     128 1381116 3389415  5497074  5921744 6104612 4539129 6292502 6215455 5725382  1265479  2810600 6110040  6121470
          131072     256 1351439 3222979  5987464  5816118 5951360 4573188 6244471 6329231 5836866  1322664  2958797 5544027  5854332
          131072     512 1381057 3457000  6110583  5869019 6295168 4519427 6171636 5970557 5875040  1272530  2895649 5888759  6027706
          131072    1024 1308600 3329657  5063429  5727410 5899629 4312696 5877364 6225802 5366308  1229301  2537848 5926276  5658438
          131072    2048 1297420 3214442  4822173  4597742 4655877 3755757 4835534 4798728 4658678  1146615  2393001 4734384  4272775
          131072    4096 1192180 2157387  4063722  3499360 4057334 3888228 3933041 3980311 3816428  1085086  2261691 4140107  4033726
          131072    8192 1173649 3000395  3921119  3917486 3819982 3782971 3779044 4110913 3798550  1166804  2278008 3814786  3841845
          131072   16384 1146476 2824695  3833647  3805149 3815104 3867902 3693532 4095082 3900116  1288076  2545922 3826815  3748433
          262144      64 1340108 3775331  6012472  6567549 6047160 3913705 6300788 6377721 5840363  1341664  3030361 5922280  6404208
          262144     128 1367747 3361631  4400602  4639959 4319537 2956735 5448958 5989806 5140984  1236715  2718859 5548498  6164017
          262144     256 1312491 3626443  5824122  6284618 5920972 4051694 5875568 5666861 4314334  1136185  3097243 1825185  6389210
          262144     512 1361102 3533795  5974508  6386278 6130029 3682372 5996797 6397649 5792732  1323439  3121698 5981496  5879904
          262144    1024 1360876 3636097  5836984  5780489 5830886 3647726 5877955 5926142 5542485  1253816  2800619 5087015  5633269
          262144    2048 1244919 3245083  4388885  4825132 4293427 3080090 3023686 2817333 3364964   901179  2302112 4603225  3861067
          262144    4096  864394 3203716  4037574  3504835 3395474 3009377 3446671 3748559 3876436  1111797  1818045 3775992  4098116
          262144    8192 1264409 3083684  3871740  4021537 3768718 3093583 3293964 3928962 3862559  1175386  2031179 3927194  3963292
          262144   16384 1310988 2893072  3815565  3870255 3732221 3186502 3856355 3963649 3749786  1241153  2337711 3671735  3919620
          524288      64   70634   75292  4822326  6332738 5831579 1621786 6157662 6410795 5672456    61388    94585 6215919  6513621
          524288     128   77262   81142  6105111  6473888 6091902  790756 6065839 6458733 6058202    81023    74908 5859736  6239376
          524288     256   79259   76875  5701193  6218943 5932598  191042 5665836 6265758 5986655    59379    65326 5796562  6057351
          524288     512   75516   72836  5894654  6060439 5927369  179085 6208706 6251633 6124648    65450    85917 5982291  6306386
          524288    1024   80938   79260  5494470  6065621 5651115  228381 5719298 5968327 5630612    66716    79306 5624390  5974116
          524288    2048   73921   73598  4392785  4718429 4613508  258041 4891568 4771463 4743743    69798    74365 4762225  4899928
          524288    4096   72671   75368  3452032  3433587 3526212  314019 3612217 4171114 4052716    74959    74416 3766084  3809067
          524288    8192   75420   74667  3846209  3888072 3872796  315662 3788592 3117979 2873346    73778    76663 3746386  3861385
          524288   16384   74657   76691  3732143  3716771 3728480  761318 3673979 3898052 3635988    77885    69417 3750674  3786843
